============================================================
  WOUND DETECTION - YOLO26m - METRICS REPORT
============================================================
  Model         : YOLO26m
  Dataset       : AZH Clinical Wound Dataset
  Run           : runs
  Total Epochs  : 200

  BEST EPOCH BY mAP50
  --------------------------------------------------
  Epoch         : 145
  Box Loss      : 0.2732
  Class Loss    : 0.5880
  mAP50         : 0.8771  (87.7%)
  mAP50-95      : 0.7923  (79.2%)
  Precision     : 0.8276
  Recall        : 0.7996
  F1 Score      : 0.8134

  BEST EPOCH BY F1
  --------------------------------------------------
  Epoch         : 145
  Precision     : 0.8276
  Recall        : 0.7996
  F1 Score      : 0.8134

  CONFIDENCE THRESHOLD RECOMMENDATIONS
  --------------------------------------------------
  Conservative (high precision) : 0.50
  Balanced     (best F1)        : 0.35
  Sensitive    (high recall)    : 0.25  <- medical use

  FULL TRAINING HISTORY
  --------------------------------------------------
  Epoch   BoxLoss   ClsLoss    mAP50     Prec      Rec       F1
      1    1.1348    4.2447   0.1441   0.0765   0.7278   0.1384
      2    0.9586    1.8082   0.3487   0.4526   0.3081   0.3666
      3    0.8433    1.6294   0.4867   0.3952   0.6071   0.4787
      4    0.7895    1.4932   0.3502   0.3434   0.5200   0.4137
      5    0.7526    1.4217   0.2720   0.4895   0.2638   0.3429
      6    0.7812    1.4563   0.5169   0.4752   0.5566   0.5127
      7    0.7178    1.3761   0.4215   0.3533   0.4466   0.3946
      8    0.7355    1.3802   0.5726   0.5223   0.5660   0.5433
      9    0.6987    1.3308   0.6470   0.5444   0.6399   0.5883
     10    0.7070    1.2996   0.5078   0.4914   0.4620   0.4762
     11    0.6475    1.2550   0.6725   0.5332   0.7466   0.6221
     12    0.6362    1.2233   0.5584   0.4416   0.6262   0.5180
     13    0.6126    1.2244   0.5926   0.4429   0.7107   0.5457
     14    0.6137    1.2439   0.4828   0.6487   0.4468   0.5291
     15    0.6051    1.2469   0.3442   0.3502   0.4544   0.3956
     16    0.6337    1.3163   0.6121   0.5883   0.5354   0.5606
     17    0.6383    1.2500   0.6746   0.6351   0.6016   0.6179
     18    0.6200    1.2362   0.5936   0.5356   0.5832   0.5584
     19    0.5651    1.1750   0.6262   0.5541   0.6903   0.6147
     20    0.5674    1.1616   0.6478   0.6484   0.5966   0.6214
     21    0.5716    1.1836   0.6046   0.5573   0.6405   0.5960
     22    0.5730    1.1397   0.6923   0.5473   0.6901   0.6105
     23    0.5611    1.1253   0.7006   0.6194   0.6530   0.6358
     24    0.5598    1.1436   0.6649   0.7272   0.5790   0.6447
     25    0.5330    1.0818   0.7169   0.7208   0.5935   0.6510
     26    0.5190    1.0990   0.7273   0.6423   0.6663   0.6541
     27    0.5499    1.0855   0.7393   0.7624   0.6784   0.7179
     28    0.5302    1.1061   0.7012   0.6209   0.7319   0.6719
     29    0.5423    1.0739   0.7209   0.6147   0.6506   0.6321
     30    0.5215    1.0621   0.6915   0.6438   0.5934   0.6176
     31    0.5200    1.0916   0.7335   0.6715   0.7033   0.6870
     32    0.4819    1.0077   0.7331   0.6571   0.6515   0.6543
     33    0.4863    1.0313   0.7073   0.6505   0.7246   0.6856
     34    0.5134    1.1181   0.6872   0.6537   0.6326   0.6429
     35    0.5140    1.0670   0.6640   0.5705   0.7448   0.6461
     36    0.4947    1.0276   0.7207   0.6321   0.7534   0.6874
     37    0.4876    1.0197   0.7095   0.6401   0.6697   0.6546
     38    0.4959    1.0300   0.6432   0.5228   0.6764   0.5897
     39    0.5361    1.0718   0.7054   0.6815   0.6407   0.6605
     40    0.4895    1.0119   0.6103   0.6481   0.5638   0.6030
     41    0.5003    1.0147   0.7459   0.6927   0.6732   0.6828
     42    0.4878    1.0417   0.7056   0.6898   0.6440   0.6661
     43    0.4743    0.9712   0.6827   0.7726   0.6079   0.6804
     44    0.4812    1.0087   0.7367   0.7170   0.6575   0.6860
     45    0.4534    0.9972   0.7101   0.6541   0.7043   0.6782
     46    0.4667    0.9783   0.7297   0.5953   0.7072   0.6464
     47    0.4626    0.9693   0.7690   0.6223   0.7647   0.6862
     48    0.4399    0.9138   0.7766   0.7079   0.7262   0.7169
     49    0.4191    0.9223   0.7522   0.7145   0.6469   0.6790
     50    0.4579    0.9586   0.7470   0.6888   0.7140   0.7012
     51    0.4484    0.9117   0.7728   0.6527   0.7230   0.6860
     52    0.4400    0.9408   0.6541   0.5960   0.6279   0.6116
     53    0.4424    0.9299   0.7438   0.6594   0.6987   0.6785
     54    0.4411    0.9488   0.7905   0.6932   0.7261   0.7093
     55    0.4590    0.9443   0.7731   0.6400   0.7955   0.7093
     56    0.4386    0.9280   0.7678   0.6666   0.7443   0.7033
     57    0.4525    0.9212   0.6145   0.6232   0.6077   0.6153
     58    0.4532    0.9197   0.7307   0.6529   0.7483   0.6974
     59    0.4196    0.9169   0.7839   0.6483   0.8016   0.7168
     60    0.4341    0.9084   0.7471   0.7744   0.6346   0.6976
     61    0.4108    0.9009   0.7810   0.7027   0.7394   0.7206
     62    0.4497    0.9157   0.7204   0.7377   0.5888   0.6549
     63    0.4101    0.8894   0.7729   0.6841   0.7505   0.7157
     64    0.4233    0.8754   0.7777   0.6638   0.7729   0.7142
     65    0.4230    0.8768   0.7833   0.7171   0.7182   0.7177
     66    0.4215    0.9150   0.7561   0.6374   0.7618   0.6941
     67    0.4006    0.8749   0.6981   0.5723   0.7054   0.6319
     68    0.4203    0.8311   0.7989   0.6945   0.8003   0.7436
     69    0.4350    0.8541   0.7990   0.7383   0.7500   0.7441
     70    0.4482    0.8907   0.7667   0.6902   0.7652   0.7257
     71    0.3982    0.8234   0.7350   0.7069   0.6684   0.6871
     72    0.4103    0.8685   0.7541   0.6062   0.8313   0.7011
     73    0.4005    0.8659   0.7330   0.7821   0.5472   0.6439
     74    0.4145    0.8316   0.7500   0.6714   0.7608   0.7133
     75    0.4108    0.8103   0.7863   0.6493   0.7861   0.7112
     76    0.4331    0.8643   0.8158   0.8447   0.7181   0.7763
     77    0.4021    0.8217   0.7860   0.7325   0.7123   0.7223
     78    0.4030    0.8214   0.7928   0.7229   0.7655   0.7436
     79    0.3720    0.7665   0.7940   0.6666   0.8191   0.7350
     80    0.4000    0.8424   0.7660   0.7869   0.6823   0.7309
     81    0.3945    0.8926   0.7545   0.7929   0.7067   0.7473
     82    0.3831    0.8414   0.7892   0.7782   0.6793   0.7254
     83    0.3768    0.8125   0.7920   0.6943   0.7491   0.7207
     84    0.3887    0.8956   0.8012   0.7246   0.7455   0.7349
     85    0.3820    0.8532   0.7973   0.6901   0.7979   0.7401
     86    0.3740    0.7904   0.7764   0.5946   0.7797   0.6747
     87    0.4057    0.8171   0.7974   0.6227   0.8168   0.7067
     88    0.3794    0.7895   0.7808   0.6766   0.7396   0.7067
     89    0.3837    0.8060   0.7774   0.7229   0.7300   0.7264
     90    0.3860    0.8220   0.8375   0.6660   0.8391   0.7426
     91    0.3655    0.7937   0.8353   0.7296   0.8235   0.7737
     92    0.3456    0.7359   0.8232   0.7941   0.7273   0.7592
     93    0.3585    0.8117   0.7629   0.7060   0.7230   0.7144
     94    0.3519    0.7978   0.7806   0.7121   0.7430   0.7272
     95    0.3637    0.8124   0.7847   0.7321   0.6895   0.7102
     96    0.3660    0.7563   0.7691   0.6966   0.7813   0.7365
     97    0.3896    0.7671   0.7782   0.7712   0.7040   0.7361
     98    0.3467    0.7609   0.7708   0.6976   0.7004   0.6990
     99    0.3524    0.7645   0.7032   0.6313   0.7021   0.6648
    100    0.3240    0.7296   0.7396   0.6275   0.6802   0.6528
    101    0.3545    0.7347   0.7994   0.6362   0.8023   0.7097
    102    0.3484    0.7386   0.8158   0.6783   0.7725   0.7223
    103    0.3401    0.6987   0.7986   0.7086   0.7675   0.7369
    104    0.3373    0.7469   0.8188   0.7507   0.7478   0.7492
    105    0.3428    0.6916   0.8063   0.7048   0.7725   0.7371
    106    0.3409    0.7683   0.7413   0.6368   0.7823   0.7021
    107    0.3457    0.7205   0.8006   0.6948   0.7745   0.7325
    108    0.3477    0.7177   0.8065   0.6662   0.7743   0.7162
    109    0.3500    0.7573   0.7892   0.7901   0.7336   0.7608
    110    0.3404    0.7220   0.7887   0.7187   0.7366   0.7275
    111    0.3459    0.7113   0.7633   0.6515   0.7453   0.6952
    112    0.3331    0.7292   0.7598   0.6605   0.7772   0.7141
    113    0.3284    0.6610   0.7991   0.6362   0.8343   0.7219
    114    0.3226    0.6840   0.7906   0.6926   0.7627   0.7260
    115    0.3261    0.6850   0.8138   0.7820   0.7149   0.7469
    116    0.3480    0.7534   0.7867   0.6914   0.7741   0.7304
    117    0.3427    0.6921   0.8325   0.6729   0.8474   0.7502
    118    0.3183    0.6647   0.8432   0.8084   0.7598   0.7834
    119    0.3217    0.6700   0.8168   0.6903   0.8000   0.7411
    120    0.3108    0.6550   0.8126   0.7430   0.7952   0.7682
    121    0.3077    0.6665   0.8215   0.7469   0.8093   0.7768
    122    0.3166    0.6598   0.7942   0.7123   0.7642   0.7373
    123    0.3040    0.6370   0.7958   0.7220   0.7576   0.7394
    124    0.3274    0.6618   0.7972   0.6772   0.7827   0.7261
    125    0.3299    0.6785   0.8010   0.6432   0.7514   0.6931
    126    0.3211    0.6435   0.8319   0.7158   0.8270   0.7674
    127    0.3157    0.6516   0.8333   0.6958   0.7940   0.7417
    128    0.2954    0.6145   0.8512   0.7251   0.8541   0.7843
    129    0.3139    0.6400   0.7891   0.7581   0.7183   0.7377
    130    0.3029    0.6075   0.8353   0.7702   0.7754   0.7728
    131    0.3070    0.6507   0.8431   0.7432   0.7971   0.7692
    132    0.3182    0.6546   0.8222   0.7221   0.8098   0.7634
    133    0.2914    0.6147   0.8050   0.7006   0.8165   0.7541
    134    0.3151    0.6682   0.8481   0.7464   0.7725   0.7592
    135    0.2870    0.6445   0.7892   0.7449   0.7384   0.7416
    136    0.3093    0.6369   0.7907   0.7605   0.7299   0.7449
    137    0.2838    0.6032   0.8286   0.7703   0.8065   0.7880
    138    0.2834    0.6198   0.8053   0.6732   0.7947   0.7289
    139    0.2973    0.6125   0.8393   0.7424   0.7739   0.7578
    140    0.3044    0.6292   0.8224   0.7768   0.7529   0.7646
    141    0.2871    0.6121   0.8403   0.7799   0.7584   0.7690
    142    0.2776    0.5877   0.8425   0.7742   0.7877   0.7809
    143    0.2868    0.5928   0.8366   0.7507   0.8181   0.7829
    144    0.2924    0.6067   0.8367   0.7449   0.8078   0.7751
    145    0.2732    0.5880   0.8771   0.8276   0.7996   0.8134
    146    0.2988    0.6041   0.8224   0.7507   0.8236   0.7855
    147    0.2716    0.5709   0.8432   0.7971   0.7785   0.7877
    148    0.2725    0.5473   0.8262   0.8016   0.7669   0.7839
    149    0.2778    0.5798   0.8367   0.8571   0.7573   0.8042
    150    0.2818    0.5827   0.8511   0.8079   0.7831   0.7953
    151    0.2747    0.5692   0.8128   0.7824   0.7715   0.7769
    152    0.2817    0.5712   0.8495   0.7159   0.8363   0.7714
    153    0.2808    0.6005   0.8477   0.7425   0.8120   0.7757
    154    0.2708    0.5499   0.8455   0.7874   0.7758   0.7816
    155    0.2784    0.5304   0.8145   0.7071   0.7986   0.7500
    156    0.2626    0.5322   0.8416   0.7240   0.8139   0.7663
    157    0.2666    0.5711   0.8338   0.7609   0.7925   0.7764
    158    0.2556    0.5229   0.8404   0.7578   0.8321   0.7932
    159    0.2597    0.5506   0.8488   0.8108   0.8013   0.8060
    160    0.2742    0.5395   0.8351   0.7899   0.7702   0.7799
    161    0.2594    0.5629   0.8383   0.8539   0.7464   0.7965
    162    0.2713    0.5547   0.8390   0.7656   0.8278   0.7955
    163    0.2586    0.5169   0.8367   0.7842   0.8220   0.8027
    164    0.2625    0.5617   0.8358   0.8183   0.7561   0.7859
    165    0.2551    0.5106   0.8431   0.7933   0.7727   0.7829
    166    0.2657    0.5477   0.8329   0.8336   0.7890   0.8107
    167    0.2629    0.5683   0.8386   0.7895   0.8124   0.8008
    168    0.2550    0.4969   0.8402   0.7396   0.8528   0.7922
    169    0.2466    0.4831   0.8299   0.7626   0.7955   0.7787
    170    0.2619    0.5396   0.8212   0.6917   0.8474   0.7617
    171    0.2577    0.5188   0.8376   0.8267   0.7497   0.7863
    172    0.2298    0.5170   0.8288   0.8721   0.7149   0.7857
    173    0.2656    0.5703   0.8310   0.7813   0.7952   0.7882
    174    0.2468    0.4783   0.8232   0.8111   0.7607   0.7851
    175    0.2550    0.5173   0.8476   0.7885   0.7824   0.7854
    176    0.2460    0.5064   0.8375   0.8127   0.7564   0.7835
    177    0.2467    0.4786   0.8406   0.8450   0.7693   0.8054
    178    0.2551    0.5283   0.8445   0.8117   0.7905   0.8010
    179    0.2453    0.5001   0.8371   0.8077   0.7660   0.7863
    180    0.2505    0.4805   0.8449   0.7773   0.8001   0.7885
    181    0.2420    0.4822   0.8429   0.8640   0.7463   0.8009
    182    0.2418    0.4818   0.8417   0.8195   0.7708   0.7944
    183    0.2396    0.5386   0.8426   0.7899   0.7878   0.7889
    184    0.2315    0.4578   0.8410   0.7537   0.7980   0.7752
    185    0.2310    0.4799   0.8405   0.8039   0.7560   0.7792
    186    0.2381    0.4849   0.8290   0.8596   0.7303   0.7897
    187    0.2203    0.4673   0.8299   0.8254   0.7324   0.7761
    188    0.2289    0.4764   0.8292   0.8103   0.7482   0.7780
    189    0.2269    0.4698   0.8213   0.7713   0.7750   0.7732
    190    0.2231    0.4558   0.8355   0.7839   0.7774   0.7807
    191    0.1670    0.3195   0.8222   0.8378   0.7248   0.7772
    192    0.1515    0.2531   0.8167   0.7437   0.7768   0.7599
    193    0.1338    0.1538   0.8167   0.7746   0.7534   0.7638
    194    0.1289    0.1072   0.8190   0.8204   0.7278   0.7713
    195    0.1204    0.1325   0.8226   0.7494   0.7634   0.7563
    196    0.1192    0.1264   0.8230   0.7443   0.7946   0.7686
    197    0.1102    0.1053   0.8237   0.7338   0.7598   0.7466
    198    0.1099    0.1006   0.8258   0.7617   0.7462   0.7539
    199    0.1129    0.1048   0.8245   0.7736   0.7585   0.7660
    200    0.1011    0.1109   0.8267   0.7628   0.7828   0.7727
============================================================