============================================================
  WOUND DETECTION - YOLO26m - METRICS REPORT
============================================================
  Model         : YOLO26m
  Dataset       : AZH Clinical Wound Dataset
  Run           : runs
  Total Epochs  : 300

  BEST EPOCH BY mAP50
  --------------------------------------------------
  Epoch         : 226
  Box Loss      : 0.2509
  Class Loss    : 0.4110
  mAP50         : 0.8694  (86.9%)
  mAP50-95      : 0.8403  (84.0%)
  Precision     : 0.8234
  Recall        : 0.8019
  F1 Score      : 0.8125

  BEST EPOCH BY F1
  --------------------------------------------------
  Epoch         : 203
  Precision     : 0.8377
  Recall        : 0.8004
  F1 Score      : 0.8186

  CONFIDENCE THRESHOLD RECOMMENDATIONS
  --------------------------------------------------
  Conservative (high precision) : 0.50
  Balanced     (best F1)        : 0.35
  Sensitive    (high recall)    : 0.25  <- medical use

  FULL TRAINING HISTORY
  --------------------------------------------------
  Epoch   BoxLoss   ClsLoss    mAP50     Prec      Rec       F1
      1    1.0409    5.9215   0.1943   0.2314   0.3106   0.2652
      2    0.8317    2.4690   0.3178   0.3035   0.1847   0.2296
      3    0.8772    1.7929   0.3877   0.4601   0.4138   0.4357
      4    0.9028    1.6403   0.3818   0.4168   0.2922   0.3435
      5    0.7801    1.4211   0.5558   0.4833   0.5560   0.5171
      6    0.7692    1.3600   0.4243   0.3503   0.5188   0.4182
      7    0.7627    1.3456   0.4910   0.4163   0.5135   0.4598
      8    0.7128    1.3027   0.4872   0.4424   0.5510   0.4907
      9    0.7114    1.2440   0.6546   0.5936   0.6951   0.6403
     10    0.7322    1.2607   0.5005   0.4981   0.5662   0.5300
     11    0.6809    1.2507   0.5695   0.4347   0.6302   0.5145
     12    0.6693    1.2160   0.6929   0.5675   0.6904   0.6230
     13    0.6313    1.2273   0.6307   0.4723   0.6512   0.5476
     14    0.6254    1.1917   0.5574   0.5341   0.6171   0.5726
     15    0.6764    1.2196   0.5919   0.5792   0.5987   0.5888
     16    0.5880    1.1400   0.7309   0.5907   0.7217   0.6496
     17    0.6154    1.1599   0.6916   0.5762   0.7663   0.6578
     18    0.6076    1.1588   0.7243   0.6128   0.7491   0.6741
     19    0.5791    1.1332   0.7220   0.6278   0.6832   0.6543
     20    0.5447    1.0743   0.6821   0.5423   0.7308   0.6226
     21    0.5621    1.0584   0.6642   0.5153   0.7510   0.6113
     22    0.5853    1.0982   0.6700   0.5649   0.6619   0.6096
     23    0.6198    1.1604   0.7154   0.6190   0.6766   0.6465
     24    0.5740    1.0909   0.4867   0.5178   0.5668   0.5412
     25    0.5392    1.0767   0.7312   0.5639   0.8178   0.6675
     26    0.5743    1.0894   0.7358   0.7203   0.6824   0.7008
     27    0.5492    1.0715   0.6879   0.5931   0.6279   0.6100
     28    0.5405    1.0643   0.6766   0.5851   0.7106   0.6418
     29    0.5054    1.0272   0.5940   0.4994   0.5506   0.5238
     30    0.5359    1.0595   0.7511   0.6819   0.6435   0.6622
     31    0.5071    1.0258   0.7254   0.6348   0.7938   0.7054
     32    0.5520    1.1083   0.7288   0.7138   0.6688   0.6906
     33    0.4995    1.0290   0.6427   0.5474   0.6316   0.5865
     34    0.5372    1.0683   0.6373   0.5185   0.6436   0.5743
     35    0.5200    1.0459   0.6262   0.7766   0.5261   0.6273
     36    0.4872    1.0146   0.7518   0.6346   0.7085   0.6695
     37    0.5410    1.0176   0.7235   0.5847   0.7506   0.6573
     38    0.5152    0.9768   0.7454   0.6951   0.6785   0.6867
     39    0.4716    0.9711   0.7271   0.5977   0.7916   0.6811
     40    0.5105    1.0159   0.7526   0.6897   0.6497   0.6691
     41    0.5050    0.9777   0.7227   0.6580   0.6648   0.6614
     42    0.4734    0.9750   0.7380   0.7076   0.6957   0.7016
     43    0.4558    0.9203   0.7205   0.6677   0.6786   0.6731
     44    0.4528    0.9256   0.6558   0.6147   0.6499   0.6318
     45    0.4669    0.9547   0.7289   0.7224   0.6693   0.6948
     46    0.4772    0.9552   0.6754   0.5912   0.6598   0.6236
     47    0.4724    0.9291   0.7409   0.6820   0.7237   0.7022
     48    0.4717    0.9261   0.7567   0.6498   0.7452   0.6942
     49    0.4331    0.8829   0.7446   0.7472   0.6354   0.6868
     50    0.4903    0.9615   0.7695   0.6929   0.6599   0.6760
     51    0.4709    0.9847   0.7402   0.6002   0.7480   0.6660
     52    0.4378    0.9181   0.7519   0.7564   0.6463   0.6971
     53    0.4729    0.9431   0.8101   0.6219   0.8105   0.7038
     54    0.4524    0.9211   0.7762   0.7615   0.6905   0.7242
     55    0.4427    0.8624   0.7372   0.7294   0.6506   0.6877
     56    0.4558    0.9076   0.7334   0.6445   0.6953   0.6689
     57    0.4676    0.8798   0.7756   0.7404   0.6396   0.6863
     58    0.4583    0.9201   0.7655   0.7669   0.6498   0.7035
     59    0.4531    0.9025   0.7719   0.7398   0.6539   0.6942
     60    0.4303    0.8890   0.7046   0.6767   0.7162   0.6959
     61    0.4238    0.8398   0.7237   0.6478   0.7120   0.6784
     62    0.4436    0.9241   0.7612   0.7449   0.7043   0.7240
     63    0.4001    0.8592   0.7396   0.6841   0.7186   0.7009
     64    0.4528    0.8904   0.7806   0.7095   0.7755   0.7411
     65    0.4234    0.8656   0.7699   0.6712   0.7297   0.6992
     66    0.4108    0.8353   0.7299   0.6370   0.7025   0.6681
     67    0.4356    0.8797   0.7717   0.6768   0.7766   0.7233
     68    0.4079    0.8230   0.7583   0.6498   0.6827   0.6658
     69    0.4010    0.8394   0.7446   0.7075   0.6787   0.6928
     70    0.4062    0.8384   0.7631   0.7592   0.6888   0.7223
     71    0.4063    0.8779   0.6851   0.6495   0.6351   0.6422
     72    0.4275    0.8592   0.7876   0.7846   0.7226   0.7523
     73    0.4100    0.8115   0.7217   0.6470   0.6821   0.6641
     74    0.4102    0.8319   0.6714   0.6390   0.6541   0.6465
     75    0.3915    0.8050   0.7415   0.7527   0.7440   0.7483
     76    0.3832    0.7807   0.7725   0.7537   0.6722   0.7106
     77    0.3990    0.8069   0.7463   0.6900   0.6324   0.6600
     78    0.4181    0.8313   0.7962   0.7568   0.7194   0.7376
     79    0.3998    0.7570   0.6962   0.8252   0.6783   0.7445
     80    0.3854    0.7682   0.7228   0.6710   0.6707   0.6708
     81    0.3997    0.7999   0.7372   0.6491   0.6428   0.6459
     82    0.3999    0.8425   0.7575   0.7189   0.7034   0.7111
     83    0.4181    0.8224   0.7611   0.6717   0.7290   0.6992
     84    0.4209    0.8162   0.8179   0.7156   0.7741   0.7437
     85    0.4017    0.8009   0.7943   0.7868   0.7453   0.7655
     86    0.4053    0.8119   0.7879   0.6413   0.7680   0.6990
     87    0.4031    0.7770   0.7868   0.7649   0.6975   0.7297
     88    0.4005    0.8348   0.7559   0.7919   0.6407   0.7083
     89    0.3852    0.7611   0.7813   0.7399   0.7453   0.7426
     90    0.3820    0.7902   0.7859   0.8223   0.6285   0.7124
     91    0.3966    0.7945   0.7265   0.7115   0.6476   0.6781
     92    0.3794    0.7615   0.8070   0.7542   0.7364   0.7452
     93    0.3822    0.7566   0.7703   0.6676   0.7298   0.6973
     94    0.3787    0.7911   0.7940   0.6567   0.8134   0.7267
     95    0.3761    0.7609   0.8235   0.7666   0.7100   0.7372
     96    0.3787    0.7537   0.8119   0.7708   0.6657   0.7144
     97    0.3603    0.6927   0.8162   0.6979   0.7571   0.7263
     98    0.3695    0.7168   0.7053   0.6821   0.7060   0.6938
     99    0.3990    0.7988   0.7018   0.6504   0.7109   0.6793
    100    0.3770    0.7852   0.7898   0.7422   0.7993   0.7697
    101    0.3741    0.8059   0.7941   0.8542   0.6004   0.7051
    102    0.3677    0.7395   0.7749   0.8730   0.6306   0.7323
    103    0.3548    0.7340   0.7789   0.6239   0.7605   0.6855
    104    0.3570    0.7450   0.7984   0.7560   0.7294   0.7425
    105    0.3775    0.7330   0.8336   0.7539   0.7753   0.7644
    106    0.3735    0.7119   0.8275   0.7240   0.7905   0.7558
    107    0.3827    0.7571   0.7744   0.7410   0.7465   0.7438
    108    0.3636    0.7370   0.8237   0.7503   0.7683   0.7592
    109    0.3721    0.7323   0.7269   0.6864   0.6816   0.6840
    110    0.3659    0.7324   0.7356   0.6985   0.7123   0.7053
    111    0.3578    0.6655   0.8509   0.7653   0.8251   0.7941
    112    0.3353    0.6785   0.7912   0.7299   0.7584   0.7439
    113    0.3457    0.6486   0.8342   0.7599   0.7886   0.7740
    114    0.3710    0.7420   0.7967   0.7489   0.7125   0.7302
    115    0.3681    0.6955   0.8029   0.7681   0.6946   0.7295
    116    0.3559    0.6970   0.7625   0.7932   0.6766   0.7303
    117    0.3530    0.6633   0.7943   0.7293   0.7944   0.7605
    118    0.3432    0.6860   0.6576   0.6315   0.5660   0.5969
    119    0.3636    0.7259   0.8153   0.7822   0.7550   0.7684
    120    0.3484    0.6769   0.8120   0.7231   0.7309   0.7270
    121    0.3771    0.7132   0.8036   0.7608   0.7635   0.7622
    122    0.3449    0.6976   0.7771   0.7152   0.7395   0.7272
    123    0.3646    0.6641   0.7788   0.8259   0.6336   0.7171
    124    0.3559    0.6519   0.8218   0.7635   0.7525   0.7579
    125    0.3356    0.6353   0.7771   0.7633   0.6823   0.7205
    126    0.3054    0.6279   0.7541   0.6922   0.7679   0.7281
    127    0.3380    0.6205   0.7630   0.7046   0.6741   0.6890
    128    0.3520    0.7168   0.7648   0.8123   0.6521   0.7234
    129    0.3374    0.7075   0.7808   0.7099   0.7511   0.7299
    130    0.3320    0.7032   0.7512   0.6369   0.7063   0.6698
    131    0.3498    0.6502   0.7735   0.8042   0.6819   0.7380
    132    0.3259    0.6516   0.8038   0.7658   0.7630   0.7644
    133    0.3274    0.6372   0.7734   0.7421   0.7052   0.7231
    134    0.3344    0.6296   0.8184   0.7754   0.7236   0.7486
    135    0.3499    0.6612   0.7966   0.7789   0.6959   0.7351
    136    0.3298    0.5992   0.7647   0.7184   0.7778   0.7469
    137    0.3490    0.6741   0.7528   0.6944   0.7227   0.7082
    138    0.3442    0.6383   0.8156   0.7213   0.7769   0.7480
    139    0.3466    0.6361   0.8197   0.7681   0.7416   0.7546
    140    0.3386    0.6483   0.8246   0.8357   0.7046   0.7646
    141    0.3291    0.6283   0.8200   0.7750   0.7200   0.7465
    142    0.3229    0.6047   0.7873   0.6653   0.7967   0.7251
    143    0.3315    0.6250   0.8227   0.7833   0.7437   0.7630
    144    0.3205    0.6202   0.7854   0.7490   0.7500   0.7495
    145    0.3166    0.6174   0.7894   0.7726   0.7543   0.7633
    146    0.3186    0.6384   0.8196   0.7946   0.7283   0.7600
    147    0.3202    0.6209   0.8136   0.7499   0.7771   0.7633
    148    0.3074    0.5788   0.8408   0.7844   0.7997   0.7920
    149    0.3264    0.6224   0.8146   0.7032   0.8194   0.7568
    150    0.3169    0.5648   0.7987   0.7506   0.7533   0.7519
    151    0.3174    0.6081   0.8157   0.7505   0.7774   0.7637
    152    0.3027    0.6160   0.8350   0.7445   0.8396   0.7892
    153    0.3241    0.6674   0.7681   0.7338   0.7333   0.7336
    154    0.3117    0.5904   0.8038   0.7042   0.7884   0.7439
    155    0.2995    0.5683   0.7413   0.8016   0.6433   0.7138
    156    0.3070    0.5664   0.8296   0.7008   0.8555   0.7704
    157    0.3144    0.5994   0.8176   0.7186   0.7832   0.7495
    158    0.2988    0.5892   0.7782   0.7286   0.7335   0.7310
    159    0.2941    0.5778   0.8185   0.7997   0.7697   0.7844
    160    0.3184    0.6026   0.8302   0.7158   0.7720   0.7428
    161    0.3353    0.6359   0.8317   0.8035   0.7667   0.7847
    162    0.2987    0.5952   0.8218   0.7270   0.7974   0.7606
    163    0.3051    0.5507   0.7784   0.7742   0.7484   0.7611
    164    0.3182    0.5804   0.8321   0.7624   0.7888   0.7754
    165    0.2991    0.5574   0.8228   0.7482   0.7953   0.7710
    166    0.3009    0.5561   0.8497   0.7585   0.8138   0.7852
    167    0.2905    0.5702   0.8163   0.7101   0.8028   0.7536
    168    0.2716    0.5122   0.7867   0.8300   0.7130   0.7671
    169    0.2852    0.6091   0.8255   0.7688   0.7615   0.7651
    170    0.3024    0.5505   0.8376   0.7402   0.8142   0.7754
    171    0.3009    0.5482   0.8263   0.7618   0.8000   0.7804
    172    0.2720    0.5386   0.8382   0.8059   0.7521   0.7781
    173    0.3201    0.5963   0.8086   0.6951   0.8404   0.7609
    174    0.3012    0.5724   0.8439   0.7307   0.8264   0.7756
    175    0.2875    0.5594   0.8015   0.7813   0.7739   0.7776
    176    0.2844    0.5650   0.7914   0.7245   0.8082   0.7641
    177    0.2795    0.5511   0.8078   0.7684   0.7802   0.7743
    178    0.3044    0.5876   0.8286   0.8085   0.8125   0.8105
    179    0.3012    0.5574   0.8250   0.6759   0.8200   0.7410
    180    0.2982    0.5327   0.8531   0.7608   0.7879   0.7741
    181    0.2934    0.5493   0.8214   0.7792   0.7618   0.7704
    182    0.2942    0.5489   0.8235   0.7679   0.7976   0.7825
    183    0.2778    0.5138   0.8121   0.7771   0.7755   0.7763
    184    0.2822    0.5146   0.8439   0.7912   0.8287   0.8095
    185    0.2871    0.4952   0.7984   0.7050   0.7543   0.7288
    186    0.2971    0.5587   0.7768   0.7548   0.7283   0.7413
    187    0.2791    0.4889   0.8141   0.7446   0.7256   0.7350
    188    0.2804    0.5324   0.8652   0.8445   0.7825   0.8123
    189    0.2762    0.5028   0.8356   0.8329   0.7729   0.8018
    190    0.2667    0.4860   0.8266   0.7774   0.7832   0.7803
    191    0.2740    0.4838   0.8060   0.7039   0.8060   0.7515
    192    0.2769    0.5109   0.8364   0.7939   0.8262   0.8097
    193    0.2834    0.5282   0.8352   0.8088   0.8048   0.8068
    194    0.2695    0.4990   0.8448   0.7167   0.8611   0.7823
    195    0.2695    0.5089   0.8074   0.7470   0.7669   0.7568
    196    0.2839    0.5142   0.8254   0.7911   0.7828   0.7869
    197    0.2727    0.4991   0.8305   0.8173   0.7872   0.8020
    198    0.2641    0.4998   0.8339   0.7679   0.8141   0.7903
    199    0.2761    0.4991   0.8184   0.8272   0.7517   0.7877
    200    0.2654    0.4784   0.8082   0.7718   0.7853   0.7785
    201    0.2611    0.4516   0.7663   0.7290   0.7049   0.7168
    202    0.2710    0.5087   0.8149   0.6961   0.7710   0.7316
    203    0.2661    0.4884   0.8502   0.8377   0.8004   0.8186
    204    0.2644    0.4745   0.8498   0.7575   0.8238   0.7892
    205    0.2672    0.4977   0.8339   0.7786   0.7531   0.7656
    206    0.2796    0.5403   0.8303   0.7781   0.7755   0.7768
    207    0.2530    0.4958   0.7453   0.7169   0.7291   0.7229
    208    0.2576    0.4778   0.8483   0.8317   0.7748   0.8023
    209    0.2576    0.4616   0.8457   0.7711   0.8316   0.8002
    210    0.2586    0.4730   0.8277   0.7123   0.8242   0.7641
    211    0.2692    0.5166   0.8354   0.7778   0.8028   0.7901
    212    0.2549    0.4891   0.8087   0.8074   0.7607   0.7833
    213    0.2575    0.4671   0.8305   0.7637   0.7672   0.7655
    214    0.2471    0.4413   0.8578   0.8282   0.7866   0.8068
    215    0.2519    0.4745   0.8321   0.7457   0.7950   0.7696
    216    0.2519    0.4477   0.7866   0.7156   0.7650   0.7395
    217    0.2454    0.4600   0.8294   0.7683   0.8143   0.7906
    218    0.2550    0.4930   0.8294   0.8131   0.8041   0.8086
    219    0.2610    0.4629   0.8361   0.8240   0.7808   0.8019
    220    0.2636    0.4885   0.8101   0.7939   0.7675   0.7805
    221    0.2415    0.4465   0.8419   0.7657   0.8117   0.7880
    222    0.2442    0.4498   0.8345   0.8063   0.8134   0.8099
    223    0.2499    0.4616   0.8400   0.7750   0.8449   0.8085
    224    0.2546    0.4931   0.8312   0.7678   0.8179   0.7921
    225    0.2435    0.4333   0.8454   0.8188   0.7675   0.7923
    226    0.2509    0.4110   0.8694   0.8234   0.8019   0.8125
    227    0.2386    0.4412   0.8419   0.8071   0.7709   0.7886
    228    0.2509    0.4455   0.8362   0.7854   0.8174   0.8011
    229    0.2388    0.4567   0.8490   0.8249   0.7918   0.8080
    230    0.2405    0.4685   0.8144   0.7527   0.7800   0.7661
    231    0.2490    0.4529   0.8231   0.6998   0.8308   0.7597
    232    0.2348    0.4503   0.8419   0.7722   0.8156   0.7933
    233    0.2394    0.4520   0.8363   0.7975   0.8203   0.8087
    234    0.2402    0.4353   0.8257   0.7913   0.8222   0.8065
    235    0.2416    0.4404   0.8043   0.7539   0.7880   0.7706
    236    0.2394    0.4127   0.8003   0.7342   0.8042   0.7676
    237    0.2451    0.4297   0.8244   0.7270   0.8233   0.7722
    238    0.2384    0.4527   0.8395   0.8011   0.8043   0.8027
    239    0.2345    0.4103   0.8109   0.7614   0.7981   0.7793
    240    0.2363    0.4781   0.8169   0.7581   0.8202   0.7879
    241    0.2296    0.4133   0.8127   0.7950   0.7497   0.7717
    242    0.2278    0.4094   0.8336   0.8116   0.7741   0.7924
    243    0.2330    0.4458   0.8419   0.7931   0.7987   0.7959
    244    0.2254    0.4277   0.8370   0.8132   0.7480   0.7792
    245    0.2140    0.3883   0.8358   0.8253   0.7583   0.7904
    246    0.2326    0.4008   0.8428   0.7984   0.7907   0.7945
    247    0.2349    0.4324   0.8457   0.8262   0.7583   0.7908
    248    0.2263    0.4013   0.8333   0.8368   0.7400   0.7854
    249    0.2195    0.4097   0.8431   0.8406   0.7861   0.8124
    250    0.2303    0.4401   0.8468   0.8124   0.8144   0.8134
    251    0.2217    0.3978   0.8435   0.8753   0.7622   0.8148
    252    0.2240    0.4097   0.8322   0.7838   0.7817   0.7828
    253    0.2191    0.3734   0.8358   0.7721   0.7908   0.7813
    254    0.2273    0.4229   0.8358   0.8189   0.7895   0.8039
    255    0.2220    0.3774   0.8280   0.8251   0.7690   0.7961
    256    0.2169    0.3896   0.8409   0.8175   0.7623   0.7890
    257    0.2161    0.4055   0.8661   0.8040   0.7982   0.8011
    258    0.2200    0.4074   0.8515   0.8027   0.8032   0.8030
    259    0.2152    0.3661   0.8494   0.8020   0.8113   0.8066
    260    0.2141    0.4215   0.8472   0.8577   0.7391   0.7940
    261    0.2175    0.3951   0.8389   0.7734   0.7803   0.7769
    262    0.2218    0.4122   0.8294   0.8477   0.7247   0.7814
    263    0.2292    0.4188   0.8391   0.7837   0.7977   0.7906
    264    0.2158    0.4031   0.8372   0.8023   0.7675   0.7845
    265    0.2077    0.3732   0.8536   0.7915   0.8140   0.8026
    266    0.2174    0.4043   0.8468   0.7536   0.8214   0.7861
    267    0.2297    0.3976   0.8521   0.8327   0.7794   0.8051
    268    0.2158    0.4161   0.8367   0.8057   0.7931   0.7993
    269    0.2154    0.3883   0.8395   0.8432   0.7583   0.7985
    270    0.2079    0.4150   0.8377   0.8444   0.7496   0.7942
    271    0.2176    0.3708   0.8227   0.8591   0.7136   0.7796
    272    0.2188    0.3912   0.8287   0.8137   0.7698   0.7911
    273    0.2026    0.3547   0.8403   0.8470   0.7503   0.7957
    274    0.2139    0.3807   0.8433   0.7671   0.7981   0.7823
    275    0.2024    0.3520   0.8414   0.8208   0.7540   0.7860
    276    0.2105    0.3970   0.8467   0.8103   0.7731   0.7913
    277    0.2156    0.4062   0.8408   0.8490   0.7406   0.7911
    278    0.2078    0.3691   0.8396   0.8121   0.7570   0.7835
    279    0.2029    0.3871   0.8420   0.8303   0.7817   0.8052
    280    0.2105    0.3672   0.8422   0.7999   0.7920   0.7959
    281    0.2041    0.3499   0.8377   0.8125   0.7955   0.8039
    282    0.2091    0.3836   0.8384   0.8160   0.7841   0.7997
    283    0.1980    0.3347   0.8435   0.8198   0.7804   0.7996
    284    0.1916    0.3335   0.8442   0.8176   0.7817   0.7992
    285    0.1973    0.3648   0.8479   0.8753   0.7439   0.8042
    286    0.1971    0.3624   0.8495   0.8166   0.7906   0.8034
    287    0.2079    0.3806   0.8532   0.8404   0.7850   0.8117
    288    0.2034    0.3493   0.8514   0.8317   0.7665   0.7978
    289    0.2052    0.3925   0.8485   0.8182   0.7776   0.7974
    290    0.1924    0.3407   0.8485   0.8130   0.7759   0.7940
    291    0.1940    0.3173   0.8176   0.8560   0.7286   0.7872
    292    0.1625    0.1531   0.7821   0.8102   0.7465   0.7771
    293    0.1617    0.1084   0.7838   0.8323   0.7392   0.7830
    294    0.1404    0.1433   0.7832   0.8227   0.7396   0.7790
    295    0.1327    0.0880   0.7797   0.8355   0.7248   0.7762
    296    0.1273    0.1034   0.7867   0.8270   0.7348   0.7782
    297    0.1173    0.0853   0.7983   0.8157   0.7503   0.7816
    298    0.1142    0.0820   0.7949   0.8085   0.7644   0.7858
    299    0.1038    0.0698   0.8062   0.7962   0.7853   0.7907
    300    0.1063    0.0685   0.7959   0.7640   0.7938   0.7786
============================================================