============================================================
  WOUND DETECTION - YOLO26m - METRICS REPORT
============================================================
  Model         : YOLO26m
  Dataset       : AZH Clinical Wound Dataset
  Run           : runs
  Total Epochs  : 150

  BEST EPOCH BY mAP50
  --------------------------------------------------
  Epoch         : 117
  Box Loss      : 0.1599
  Class Loss    : 0.4807
  mAP50         : 0.8452  (84.5%)
  mAP50-95      : 0.7985  (79.8%)
  Precision     : 0.7469
  Recall        : 0.8222
  F1 Score      : 0.7827

  BEST EPOCH BY F1
  --------------------------------------------------
  Epoch         : 133
  Precision     : 0.7509
  Recall        : 0.8313
  F1 Score      : 0.7890

  CONFIDENCE THRESHOLD RECOMMENDATIONS
  --------------------------------------------------
  Conservative (high precision) : 0.50
  Balanced     (best F1)        : 0.35
  Sensitive    (high recall)    : 0.25  <- medical use

  FULL TRAINING HISTORY
  --------------------------------------------------
  Epoch   BoxLoss   ClsLoss    mAP50     Prec      Rec       F1
      1    1.1506    4.2190   0.0676   0.0340   0.6598   0.0647
      2    0.8877    1.6020   0.5398   0.6420   0.4627   0.5378
      3    0.7369    1.4510   0.5778   0.4485   0.5956   0.5117
      4    0.7473    1.3360   0.5386   0.4496   0.6341   0.5262
      5    0.7450    1.2673   0.6520   0.5441   0.7400   0.6271
      6    0.6385    1.2335   0.6648   0.5154   0.6858   0.5885
      7    0.6088    1.1781   0.7057   0.5198   0.7681   0.6200
      8    0.6482    1.2435   0.6846   0.5553   0.7658   0.6438
      9    0.5653    1.1707   0.6756   0.5197   0.7589   0.6169
     10    0.6151    1.1346   0.6790   0.5133   0.7520   0.6101
     11    0.5866    1.1103   0.7210   0.5727   0.8464   0.6832
     12    0.5457    1.1250   0.7014   0.5177   0.8272   0.6368
     13    0.5364    1.0981   0.7048   0.5762   0.7320   0.6448
     14    0.5710    1.1188   0.7432   0.5878   0.7217   0.6479
     15    0.5317    1.0603   0.7286   0.6185   0.7396   0.6737
     16    0.4823    1.0435   0.7271   0.6736   0.7473   0.7085
     17    0.4974    1.0086   0.7488   0.5853   0.7895   0.6723
     18    0.4994    1.0619   0.7241   0.5673   0.7838   0.6582
     19    0.5066    1.0070   0.7393   0.6033   0.7519   0.6695
     20    0.5215    1.0490   0.7177   0.6057   0.7323   0.6630
     21    0.4713    1.0124   0.7259   0.5864   0.7795   0.6693
     22    0.4369    0.9808   0.7612   0.6145   0.7611   0.6800
     23    0.4321    1.0078   0.7466   0.6052   0.8018   0.6897
     24    0.4272    0.9946   0.7562   0.6644   0.7772   0.7164
     25    0.4168    1.0195   0.7346   0.5173   0.8289   0.6370
     26    0.4542    0.9837   0.7108   0.5719   0.7941   0.6649
     27    0.4293    0.9992   0.7630   0.5831   0.8476   0.6909
     28    0.4208    0.9603   0.7759   0.6583   0.8143   0.7281
     29    0.3948    0.9629   0.7650   0.6784   0.7425   0.7090
     30    0.4046    0.9798   0.7858   0.6514   0.7637   0.7031
     31    0.4226    0.9605   0.7412   0.5385   0.7180   0.6154
     32    0.4101    0.9979   0.7633   0.6155   0.8124   0.7004
     33    0.3912    0.9229   0.7879   0.6742   0.8013   0.7323
     34    0.4210    0.9672   0.7307   0.6311   0.7732   0.6950
     35    0.4049    0.9394   0.7411   0.5820   0.7888   0.6698
     36    0.4130    0.9155   0.7790   0.7179   0.7076   0.7127
     37    0.3799    0.9158   0.7587   0.5946   0.7896   0.6784
     38    0.3528    0.9118   0.7248   0.6418   0.6807   0.6607
     39    0.3401    0.9215   0.7670   0.6033   0.7967   0.6866
     40    0.3597    0.9416   0.7761   0.6790   0.7436   0.7099
     41    0.3414    0.8895   0.7656   0.6641   0.7784   0.7167
     42    0.3612    0.9008   0.7845   0.7383   0.7687   0.7532
     43    0.3910    0.9558   0.7857   0.7690   0.6852   0.7247
     44    0.3484    0.8764   0.7381   0.6874   0.7316   0.7088
     45    0.3106    0.8881   0.7771   0.7295   0.6892   0.7087
     46    0.3351    0.8898   0.6637   0.5062   0.7333   0.5990
     47    0.3341    0.8969   0.7265   0.6095   0.7424   0.6694
     48    0.3345    0.8393   0.7409   0.6666   0.7240   0.6941
     49    0.3222    0.8403   0.7232   0.5736   0.7344   0.6441
     50    0.3218    0.8505   0.7522   0.6964   0.7045   0.7004
     51    0.2967    0.8095   0.7232   0.6442   0.7093   0.6752
     52    0.3315    0.8121   0.7935   0.6932   0.7631   0.7265
     53    0.3225    0.8195   0.7850   0.6609   0.7918   0.7204
     54    0.3035    0.8146   0.7386   0.6181   0.7695   0.6855
     55    0.3033    0.7954   0.7863   0.6451   0.8408   0.7301
     56    0.3329    0.8154   0.7761   0.6727   0.8125   0.7361
     57    0.2938    0.7831   0.8141   0.6786   0.8342   0.7484
     58    0.3044    0.7658   0.7755   0.7408   0.7097   0.7249
     59    0.2783    0.7602   0.7982   0.7166   0.7478   0.7319
     60    0.2740    0.7547   0.7556   0.6567   0.7489   0.6997
     61    0.2718    0.7271   0.7706   0.6338   0.7663   0.6938
     62    0.3003    0.7596   0.8138   0.7889   0.7387   0.7629
     63    0.2775    0.7893   0.7981   0.7275   0.7316   0.7295
     64    0.2741    0.7815   0.7957   0.7495   0.7590   0.7542
     65    0.2842    0.7492   0.7511   0.6255   0.8081   0.7052
     66    0.2762    0.7666   0.7780   0.6256   0.7698   0.6902
     67    0.2833    0.7663   0.7668   0.6400   0.7702   0.6991
     68    0.2650    0.7741   0.7602   0.6849   0.7434   0.7130
     69    0.2587    0.7395   0.7730   0.7025   0.7419   0.7217
     70    0.2605    0.7802   0.7609   0.6643   0.7750   0.7154
     71    0.2490    0.7199   0.7985   0.7133   0.6955   0.7043
     72    0.2503    0.7195   0.7953   0.6252   0.7621   0.6869
     73    0.2494    0.7057   0.8053   0.6989   0.7807   0.7376
     74    0.2376    0.7095   0.8211   0.7413   0.7912   0.7654
     75    0.2371    0.7089   0.8123   0.7597   0.7556   0.7576
     76    0.2562    0.7326   0.7261   0.6212   0.7530   0.6807
     77    0.2445    0.7039   0.7827   0.7485   0.7536   0.7511
     78    0.2394    0.6412   0.8026   0.7566   0.7601   0.7584
     79    0.2458    0.6867   0.8114   0.7151   0.7756   0.7441
     80    0.2313    0.7215   0.7960   0.7491   0.7521   0.7506
     81    0.2487    0.6592   0.8004   0.7500   0.7198   0.7346
     82    0.2428    0.6609   0.8238   0.7083   0.8403   0.7686
     83    0.2306    0.6262   0.8320   0.6551   0.8246   0.7301
     84    0.2185    0.6648   0.8320   0.7503   0.8089   0.7785
     85    0.2182    0.6176   0.8167   0.7570   0.7710   0.7639
     86    0.2200    0.6240   0.8016   0.6654   0.7873   0.7212
     87    0.2119    0.6170   0.8036   0.6391   0.8211   0.7188
     88    0.2095    0.6292   0.8125   0.7636   0.7875   0.7753
     89    0.2104    0.6248   0.8056   0.6899   0.8151   0.7473
     90    0.2040    0.6026   0.8165   0.7574   0.7549   0.7561
     91    0.2038    0.6117   0.8173   0.7224   0.8006   0.7595
     92    0.2226    0.6371   0.7931   0.7435   0.7361   0.7398
     93    0.2159    0.6435   0.8267   0.7682   0.7598   0.7640
     94    0.2045    0.6314   0.8062   0.8078   0.7419   0.7735
     95    0.1981    0.6073   0.8340   0.7294   0.7869   0.7570
     96    0.1981    0.5861   0.8179   0.8016   0.7553   0.7777
     97    0.1923    0.5609   0.8010   0.7155   0.7748   0.7440
     98    0.2006    0.6048   0.8193   0.7369   0.7909   0.7630
     99    0.2084    0.5951   0.8023   0.6660   0.8745   0.7562
    100    0.1894    0.5692   0.7950   0.7124   0.7463   0.7290
    101    0.1942    0.5619   0.8331   0.7540   0.8099   0.7810
    102    0.1790    0.5817   0.8017   0.6619   0.8365   0.7390
    103    0.1820    0.5482   0.7881   0.7410   0.7528   0.7469
    104    0.1767    0.5583   0.8067   0.7387   0.7982   0.7673
    105    0.1702    0.5020   0.8175   0.7809   0.7282   0.7536
    106    0.1761    0.5581   0.8099   0.8039   0.7366   0.7688
    107    0.1709    0.5284   0.8093   0.7377   0.8015   0.7683
    108    0.1760    0.5036   0.8236   0.7237   0.8293   0.7729
    109    0.1638    0.5037   0.8214   0.6598   0.8357   0.7374
    110    0.1721    0.5044   0.8189   0.7356   0.8023   0.7675
    111    0.1572    0.4865   0.8111   0.7248   0.8096   0.7649
    112    0.1623    0.5070   0.8175   0.6942   0.8417   0.7608
    113    0.1586    0.4963   0.8289   0.7736   0.7886   0.7811
    114    0.1661    0.5023   0.8286   0.7859   0.7670   0.7763
    115    0.1621    0.4963   0.8337   0.7448   0.7817   0.7628
    116    0.1689    0.4559   0.8376   0.7324   0.8073   0.7680
    117    0.1599    0.4807   0.8452   0.7469   0.8222   0.7827
    118    0.1462    0.4525   0.8265   0.7785   0.7669   0.7727
    119    0.1482    0.4751   0.8136   0.7669   0.7434   0.7549
    120    0.1596    0.4980   0.8175   0.7307   0.7984   0.7630
    121    0.1421    0.4578   0.8145   0.7134   0.7732   0.7421
    122    0.1467    0.4492   0.8072   0.7280   0.7771   0.7517
    123    0.1477    0.4457   0.8084   0.6933   0.8102   0.7472
    124    0.1465    0.4217   0.8198   0.7095   0.8133   0.7578
    125    0.1384    0.4208   0.8160   0.7748   0.7937   0.7842
    126    0.1486    0.4454   0.8246   0.7404   0.8116   0.7744
    127    0.1444    0.4276   0.8349   0.7140   0.8181   0.7625
    128    0.1416    0.4356   0.8283   0.7342   0.8064   0.7686
    129    0.1400    0.4195   0.8245   0.7458   0.8155   0.7791
    130    0.1413    0.4289   0.8248   0.7328   0.7775   0.7545
    131    0.1422    0.4555   0.8274   0.7507   0.7890   0.7693
    132    0.1372    0.4278   0.8287   0.7167   0.8474   0.7766
    133    0.1381    0.4222   0.8253   0.7509   0.8313   0.7890
    134    0.1524    0.4491   0.8282   0.7425   0.8267   0.7823
    135    0.1288    0.3983   0.8225   0.8079   0.7532   0.7796
    136    0.0636    0.1047   0.8188   0.7363   0.7987   0.7662
    137    0.0586    0.0914   0.8226   0.7552   0.7598   0.7575
    138    0.0553    0.0677   0.8224   0.7250   0.7987   0.7600
    139    0.0576    0.0990   0.8264   0.7156   0.8249   0.7664
    140    0.0608    0.1038   0.8236   0.7285   0.8293   0.7756
    141    0.0597    0.0889   0.8222   0.7723   0.7797   0.7760
    142    0.0571    0.0748   0.8235   0.7678   0.7796   0.7737
    143    0.0585    0.0596   0.8195   0.7859   0.7723   0.7790
    144    0.0601    0.0848   0.8184   0.7909   0.7756   0.7832
    145    0.0585    0.0783   0.8187   0.7911   0.7742   0.7825
    146    0.0594    0.0815   0.8186   0.7862   0.7692   0.7776
    147    0.0558    0.0778   0.8188   0.7821   0.7742   0.7781
    148    0.0563    0.0793   0.8205   0.7687   0.7874   0.7779
    149    0.0576    0.0584   0.8195   0.7648   0.7865   0.7755
    150    0.0554    0.1043   0.8205   0.7752   0.7762   0.7757
============================================================