============================================================
  WOUND DETECTION - YOLO26m - METRICS REPORT
============================================================
  Model         : YOLO26m
  Dataset       : AZH Clinical Wound Dataset
  Run           : runs
  Total Epochs  : 150

  BEST EPOCH BY mAP50
  --------------------------------------------------
  Epoch         : 123
  Box Loss      : 0.2289
  Class Loss    : 0.6081
  mAP50         : 0.8785  (87.8%)
  mAP50-95      : 0.8785  (87.8%)
  Precision     : 0.8046
  Recall        : 0.8341
  F1 Score      : 0.8191

  BEST EPOCH BY F1
  --------------------------------------------------
  Epoch         : 135
  Precision     : 0.8585
  Recall        : 0.8175
  F1 Score      : 0.8375

  CONFIDENCE THRESHOLD RECOMMENDATIONS
  --------------------------------------------------
  Conservative (high precision) : 0.50
  Balanced     (best F1)        : 0.35
  Sensitive    (high recall)    : 0.25  <- medical use

  FULL TRAINING HISTORY
  --------------------------------------------------
  Epoch   BoxLoss   ClsLoss    mAP50     Prec      Rec       F1
      1    1.1560    6.7985   0.0499   0.0053   0.9647   0.0105
      2    0.6601    5.6977   0.1909   0.7100   0.0782   0.1409
      3    0.6942    4.7776   0.2737   0.2521   0.3620   0.2972
      4    0.7044    4.1833   0.3237   0.3528   0.4273   0.3865
      5    0.6831    3.6445   0.4110   0.3481   0.4652   0.3982
      6    0.6845    3.2655   0.4438   0.3892   0.4886   0.4333
      7    0.6129    2.9188   0.4551   0.4453   0.4161   0.4302
      8    0.5871    2.6292   0.4590   0.4498   0.4391   0.4444
      9    0.5631    2.3927   0.5533   0.6556   0.4682   0.5463
     10    0.5720    2.1884   0.6072   0.4760   0.6646   0.5547
     11    0.5689    2.0105   0.6277   0.4905   0.6508   0.5594
     12    0.5935    1.9474   0.6458   0.5399   0.6246   0.5792
     13    0.5753    1.8134   0.6174   0.5225   0.6295   0.5710
     14    0.5154    1.6885   0.5901   0.5092   0.6368   0.5659
     15    0.5320    1.6406   0.6234   0.5233   0.5982   0.5583
     16    0.5600    1.5206   0.6644   0.5398   0.6619   0.5947
     17    0.5059    1.5194   0.6881   0.5893   0.6248   0.6065
     18    0.5031    1.4948   0.6630   0.5068   0.6660   0.5756
     19    0.4828    1.4240   0.7229   0.5465   0.7017   0.6145
     20    0.4793    1.3297   0.6907   0.5662   0.6738   0.6153
     21    0.4657    1.3348   0.6949   0.6111   0.6273   0.6191
     22    0.4789    1.3369   0.7151   0.7141   0.6721   0.6925
     23    0.5043    1.3211   0.7079   0.6415   0.6983   0.6687
     24    0.4830    1.2684   0.7173   0.6361   0.7147   0.6731
     25    0.4482    1.2202   0.7378   0.6330   0.7229   0.6750
     26    0.4938    1.1980   0.7187   0.5880   0.7212   0.6478
     27    0.4901    1.2054   0.6916   0.5902   0.6633   0.6246
     28    0.4621    1.2230   0.7523   0.6806   0.7312   0.7050
     29    0.4209    1.1474   0.7336   0.5732   0.7466   0.6485
     30    0.4454    1.1949   0.7053   0.5467   0.7704   0.6396
     31    0.4185    1.1483   0.7248   0.6342   0.6744   0.6536
     32    0.4352    1.2034   0.7643   0.7061   0.7594   0.7318
     33    0.4265    1.0695   0.7389   0.6151   0.7118   0.6599
     34    0.4525    1.1121   0.7374   0.6889   0.6808   0.6848
     35    0.4394    1.1055   0.7501   0.6098   0.7224   0.6613
     36    0.4228    1.1099   0.7421   0.7259   0.6498   0.6857
     37    0.4193    1.1094   0.7801   0.7106   0.7329   0.7216
     38    0.4234    1.0532   0.7598   0.6550   0.7238   0.6877
     39    0.4205    1.0235   0.7855   0.6888   0.6926   0.6907
     40    0.4168    1.0276   0.7923   0.6464   0.8132   0.7203
     41    0.4152    1.0112   0.7543   0.6939   0.7002   0.6971
     42    0.4063    1.0145   0.7874   0.7795   0.7012   0.7383
     43    0.3981    1.0114   0.7592   0.7813   0.6680   0.7202
     44    0.3574    0.9383   0.8058   0.7367   0.7179   0.7272
     45    0.3799    0.9626   0.7893   0.7765   0.7125   0.7431
     46    0.3987    0.9586   0.7840   0.7061   0.7704   0.7368
     47    0.3755    0.9627   0.8033   0.7378   0.7826   0.7596
     48    0.3878    0.9725   0.7735   0.6433   0.7754   0.7032
     49    0.3407    0.8568   0.7915   0.7165   0.7861   0.7497
     50    0.3881    0.9731   0.7957   0.8368   0.6648   0.7410
     51    0.3626    0.9324   0.7912   0.6922   0.7714   0.7297
     52    0.3652    0.9132   0.8023   0.6922   0.7611   0.7250
     53    0.3777    0.9542   0.8166   0.6838   0.7891   0.7327
     54    0.3691    0.8954   0.7975   0.7438   0.7421   0.7429
     55    0.3692    0.8770   0.8241   0.7155   0.7599   0.7371
     56    0.3672    0.9266   0.8205   0.6835   0.8109   0.7418
     57    0.3375    0.8603   0.8163   0.7692   0.7660   0.7676
     58    0.3584    0.9266   0.8188   0.7497   0.7753   0.7623
     59    0.3620    0.8802   0.8188   0.6814   0.8304   0.7485
     60    0.3268    0.8478   0.8475   0.7863   0.7641   0.7750
     61    0.3517    0.8377   0.8105   0.6829   0.8140   0.7427
     62    0.3725    0.9078   0.7961   0.7021   0.7382   0.7197
     63    0.3266    0.8088   0.8088   0.7615   0.7934   0.7771
     64    0.3364    0.8266   0.8332   0.8420   0.7008   0.7649
     65    0.3266    0.8383   0.8445   0.8286   0.7588   0.7922
     66    0.3656    0.7850   0.7984   0.7405   0.7809   0.7602
     67    0.3675    0.8373   0.8160   0.7532   0.7710   0.7620
     68    0.3010    0.8096   0.8393   0.7635   0.8072   0.7847
     69    0.3194    0.8010   0.8242   0.8074   0.7506   0.7780
     70    0.3249    0.8008   0.8188   0.6719   0.8389   0.7462
     71    0.3268    0.7732   0.8091   0.7708   0.7441   0.7572
     72    0.3226    0.8209   0.7962   0.8446   0.6696   0.7470
     73    0.3077    0.8046   0.8132   0.7682   0.7349   0.7512
     74    0.3176    0.7520   0.7987   0.7529   0.7784   0.7654
     75    0.3034    0.7375   0.8176   0.8009   0.7845   0.7926
     76    0.2839    0.6940   0.8368   0.7996   0.7739   0.7865
     77    0.2899    0.7377   0.8271   0.7143   0.8579   0.7796
     78    0.2786    0.7235   0.8279   0.7694   0.7949   0.7820
     79    0.3000    0.7800   0.8306   0.7837   0.7257   0.7536
     80    0.2819    0.7459   0.8392   0.7647   0.7875   0.7759
     81    0.2973    0.7147   0.8467   0.7775   0.8041   0.7906
     82    0.3128    0.7702   0.8319   0.8023   0.8150   0.8086
     83    0.3167    0.7295   0.8432   0.8002   0.8295   0.8146
     84    0.2997    0.7246   0.8396   0.7711   0.8386   0.8034
     85    0.2903    0.7258   0.8397   0.8119   0.7539   0.7818
     86    0.2927    0.7028   0.8464   0.7416   0.8529   0.7933
     87    0.2759    0.6963   0.8559   0.8008   0.7718   0.7861
     88    0.2844    0.7204   0.8498   0.8013   0.8158   0.8085
     89    0.2719    0.6789   0.8417   0.7879   0.8116   0.7996
     90    0.2680    0.6746   0.8566   0.7798   0.8139   0.7965
     91    0.3012    0.6947   0.8491   0.7637   0.8209   0.7913
     92    0.2710    0.6574   0.8454   0.7733   0.7934   0.7833
     93    0.2650    0.6696   0.8468   0.7972   0.8251   0.8109
     94    0.2613    0.6804   0.8308   0.7447   0.8380   0.7886
     95    0.2572    0.6710   0.8139   0.7499   0.7963   0.7724
     96    0.2699    0.6921   0.8474   0.7808   0.7996   0.7901
     97    0.2583    0.6299   0.8611   0.8135   0.8197   0.8166
     98    0.2500    0.6092   0.8513   0.7629   0.8135   0.7874
     99    0.2747    0.7026   0.8684   0.7663   0.7522   0.7592
    100    0.2648    0.6683   0.8448   0.8127   0.7667   0.7890
    101    0.2673    0.6627   0.8511   0.7644   0.8248   0.7935
    102    0.2406    0.6289   0.8601   0.8670   0.7537   0.8064
    103    0.2372    0.6456   0.8549   0.7504   0.7993   0.7741
    104    0.2372    0.6094   0.8560   0.7691   0.8150   0.7914
    105    0.2348    0.6265   0.8565   0.7977   0.7902   0.7940
    106    0.2595    0.6289   0.8583   0.7566   0.8296   0.7914
    107    0.2553    0.6616   0.8619   0.8818   0.7756   0.8253
    108    0.2451    0.6329   0.8737   0.7552   0.8523   0.8008
    109    0.2444    0.6395   0.8672   0.8374   0.8219   0.8296
    110    0.2528    0.6599   0.8523   0.7691   0.8321   0.7993
    111    0.2338    0.6174   0.8566   0.8200   0.8092   0.8146
    112    0.2335    0.5895   0.8644   0.7866   0.8336   0.8094
    113    0.2183    0.5900   0.8698   0.8351   0.8105   0.8226
    114    0.2533    0.6688   0.8494   0.8313   0.7435   0.7850
    115    0.2270    0.5615   0.8714   0.8520   0.8150   0.8331
    116    0.2377    0.6099   0.8558   0.8327   0.7715   0.8009
    117    0.2266    0.5544   0.8585   0.8281   0.7999   0.8138
    118    0.2231    0.5657   0.8709   0.8511   0.8052   0.8275
    119    0.2321    0.6170   0.8553   0.8488   0.7737   0.8095
    120    0.2157    0.5463   0.8681   0.8090   0.8410   0.8247
    121    0.2240    0.5930   0.8771   0.8365   0.8149   0.8255
    122    0.2286    0.5965   0.8692   0.8022   0.8327   0.8172
    123    0.2289    0.6081   0.8785   0.8046   0.8341   0.8191
    124    0.2230    0.5539   0.8756   0.8227   0.8036   0.8130
    125    0.2079    0.5482   0.8703   0.8296   0.8124   0.8209
    126    0.2035    0.5680   0.8596   0.8378   0.8014   0.8192
    127    0.2132    0.5567   0.8661   0.7967   0.8311   0.8135
    128    0.2328    0.6355   0.8715   0.8052   0.8136   0.8094
    129    0.2190    0.5891   0.8627   0.8292   0.7988   0.8137
    130    0.2225    0.6076   0.8681   0.8052   0.8101   0.8076
    131    0.2336    0.5975   0.8716   0.8525   0.8024   0.8267
    132    0.2188    0.5959   0.8696   0.8327   0.8120   0.8222
    133    0.2189    0.5536   0.8730   0.8406   0.8044   0.8221
    134    0.2101    0.5683   0.8674   0.8470   0.8111   0.8287
    135    0.2176    0.5660   0.8688   0.8585   0.8175   0.8375
    136    0.1665    0.5655   0.8224   0.7646   0.8113   0.7872
    137    0.1488    0.3496   0.8108   0.7978   0.7664   0.7818
    138    0.1435    0.2253   0.8127   0.7816   0.7788   0.7802
    139    0.1346    0.2372   0.8220   0.7902   0.7869   0.7885
    140    0.1213    0.2240   0.8329   0.7989   0.7996   0.7992
    141    0.1130    0.1816   0.8304   0.7705   0.7967   0.7834
    142    0.1171    0.1624   0.8386   0.7747   0.8318   0.8022
    143    0.1145    0.1642   0.8376   0.7868   0.8043   0.7955
    144    0.1110    0.1652   0.8337   0.7890   0.7982   0.7936
    145    0.1087    0.1715   0.8384   0.7849   0.8168   0.8005
    146    0.0989    0.1936   0.8366   0.7552   0.8354   0.7932
    147    0.0984    0.1587   0.8391   0.7696   0.8270   0.7973
    148    0.1003    0.1715   0.8398   0.7630   0.8441   0.8015
    149    0.1034    0.1446   0.8436   0.7503   0.8550   0.7992
    150    0.0964    0.1782   0.8390   0.7549   0.8277   0.7896
============================================================