============================================================
  WOUND DETECTION - YOLO26m - METRICS REPORT
============================================================
  Model         : YOLO26m
  Dataset       : AZH Clinical Wound Dataset
  Run           : runs
  Total Epochs  : 250

  BEST EPOCH BY mAP50
  --------------------------------------------------
  Epoch         : 204
  Box Loss      : 0.1926
  Class Loss    : 0.4211
  mAP50         : 0.8780  (87.8%)
  mAP50-95      : 0.8780  (87.8%)
  Precision     : 0.8540
  Recall        : 0.8455
  F1 Score      : 0.8497

  BEST EPOCH BY F1
  --------------------------------------------------
  Epoch         : 182
  Precision     : 0.9110
  Recall        : 0.8052
  F1 Score      : 0.8548

  CONFIDENCE THRESHOLD RECOMMENDATIONS
  --------------------------------------------------
  Conservative (high precision) : 0.50
  Balanced     (best F1)        : 0.35
  Sensitive    (high recall)    : 0.25  <- medical use

  FULL TRAINING HISTORY
  --------------------------------------------------
  Epoch   BoxLoss   ClsLoss    mAP50     Prec      Rec       F1
      1    1.1339    6.3865   0.0992   0.7127   0.0500   0.0934
      2    0.6896    3.2340   0.1477   0.1272   0.3078   0.1800
      3    0.7227    2.1921   0.0587   0.1366   0.0549   0.0783
      4    0.7932    1.8663   0.2611   0.2036   0.5354   0.2950
      5    0.7498    1.6602   0.3852   0.2879   0.4722   0.3577
      6    0.7393    1.6001   0.4248   0.2902   0.5097   0.3698
      7    0.6632    1.4702   0.3435   0.2464   0.4881   0.3275
      8    0.6473    1.4298   0.3568   0.3005   0.4711   0.3669
      9    0.6315    1.3454   0.5161   0.4344   0.6020   0.5047
     10    0.6291    1.3349   0.5004   0.4421   0.5940   0.5069
     11    0.6177    1.3162   0.3296   0.4052   0.2874   0.3363
     12    0.6458    1.2867   0.5084   0.4288   0.5342   0.4757
     13    0.6019    1.2544   0.5244   0.4904   0.5988   0.5392
     14    0.5716    1.1577   0.6246   0.5388   0.6164   0.5750
     15    0.6077    1.2252   0.6093   0.5364   0.6296   0.5793
     16    0.5734    1.1245   0.5692   0.4748   0.6694   0.5555
     17    0.5626    1.1570   0.5021   0.4724   0.5826   0.5218
     18    0.5736    1.1640   0.5898   0.4854   0.6156   0.5428
     19    0.5319    1.1106   0.6743   0.5990   0.6183   0.6085
     20    0.5212    1.0766   0.6406   0.5072   0.6935   0.5859
     21    0.5196    1.0579   0.6651   0.5617   0.7384   0.6380
     22    0.5152    1.0646   0.6292   0.6218   0.5961   0.6087
     23    0.5405    1.1242   0.7033   0.5686   0.7250   0.6374
     24    0.5161    1.0638   0.7643   0.6369   0.7274   0.6792
     25    0.4979    1.0479   0.7382   0.7056   0.6365   0.6692
     26    0.5150    1.0659   0.7632   0.5830   0.7203   0.6444
     27    0.5062    1.0457   0.6572   0.5200   0.7100   0.6004
     28    0.5141    1.0503   0.6577   0.4407   0.7779   0.5626
     29    0.5050    0.9860   0.6230   0.5431   0.5942   0.5675
     30    0.5060    1.0471   0.6747   0.6172   0.6804   0.6472
     31    0.4789    0.9821   0.6542   0.5938   0.6456   0.6186
     32    0.5318    1.0925   0.7158   0.7175   0.6227   0.6667
     33    0.4932    0.9782   0.8105   0.6933   0.7754   0.7320
     34    0.4926    1.0332   0.5966   0.5507   0.6205   0.5835
     35    0.4822    1.0062   0.6149   0.6859   0.5460   0.6080
     36    0.4981    1.0002   0.7335   0.6349   0.7133   0.6718
     37    0.4770    0.9966   0.7125   0.5808   0.7006   0.6351
     38    0.4809    0.9115   0.6826   0.5197   0.6894   0.5927
     39    0.4662    0.9187   0.7576   0.6561   0.7412   0.6960
     40    0.4839    0.9523   0.7203   0.7047   0.6839   0.6942
     41    0.4648    0.9481   0.7165   0.6133   0.6742   0.6423
     42    0.4572    0.9215   0.7807   0.6761   0.7649   0.7178
     43    0.4484    0.9021   0.7019   0.6807   0.6183   0.6480
     44    0.4403    0.8967   0.7011   0.6311   0.7057   0.6663
     45    0.5021    0.9219   0.6671   0.5900   0.6313   0.6100
     46    0.4583    0.9458   0.7539   0.6903   0.6912   0.6908
     47    0.4469    0.8912   0.7393   0.6214   0.6963   0.6567
     48    0.4565    0.8794   0.7100   0.6433   0.6698   0.6563
     49    0.4291    0.8448   0.6415   0.5390   0.6821   0.6021
     50    0.4599    0.8997   0.7285   0.6873   0.6600   0.6734
     51    0.4506    0.8798   0.7771   0.6119   0.7658   0.6802
     52    0.4396    0.8257   0.7784   0.7217   0.7199   0.7208
     53    0.4358    0.8709   0.7522   0.6572   0.6881   0.6723
     54    0.4453    0.8585   0.7689   0.7531   0.6460   0.6954
     55    0.4481    0.8112   0.7320   0.6905   0.6660   0.6780
     56    0.4467    0.8419   0.7574   0.6533   0.7523   0.6993
     57    0.4346    0.8161   0.7863   0.7112   0.7828   0.7453
     58    0.4452    0.8580   0.7642   0.6707   0.7490   0.7077
     59    0.4410    0.8576   0.7050   0.6058   0.7169   0.6567
     60    0.4244    0.8180   0.7267   0.6528   0.6771   0.6647
     61    0.4356    0.7665   0.7470   0.6249   0.7683   0.6892
     62    0.4299    0.8706   0.7063   0.6296   0.6715   0.6499
     63    0.4174    0.7598   0.3129   0.2791   0.3696   0.3181
     64    0.4161    0.8331   0.8040   0.6837   0.7859   0.7312
     65    0.4159    0.7800   0.7070   0.6873   0.6220   0.6530
     66    0.3994    0.7765   0.6078   0.5211   0.5499   0.5351
     67    0.4283    0.7993   0.8448   0.8289   0.7693   0.7980
     68    0.3916    0.7589   0.8165   0.6667   0.8353   0.7416
     69    0.3998    0.7708   0.8045   0.6449   0.7924   0.7111
     70    0.4178    0.7742   0.7559   0.6897   0.7214   0.7052
     71    0.3928    0.7650   0.6959   0.5966   0.7462   0.6630
     72    0.4126    0.7597   0.7436   0.7657   0.6047   0.6757
     73    0.4019    0.7387   0.7603   0.7182   0.7254   0.7218
     74    0.4032    0.7748   0.7811   0.7349   0.7450   0.7400
     75    0.3950    0.7206   0.7802   0.7881   0.7021   0.7426
     76    0.3750    0.6970   0.7443   0.5961   0.7335   0.6577
     77    0.3808    0.7471   0.8245   0.7693   0.7816   0.7754
     78    0.3813    0.7404   0.7899   0.7489   0.7024   0.7249
     79    0.3929    0.7342   0.7462   0.7588   0.6858   0.7205
     80    0.3805    0.6899   0.7547   0.7833   0.6714   0.7230
     81    0.3978    0.7194   0.8381   0.7463   0.7799   0.7627
     82    0.3844    0.7414   0.8070   0.7992   0.7715   0.7851
     83    0.4086    0.7503   0.7649   0.7483   0.7199   0.7338
     84    0.3944    0.7428   0.7862   0.7794   0.7212   0.7492
     85    0.3812    0.7302   0.7908   0.6478   0.7630   0.7007
     86    0.3885    0.7296   0.7998   0.6863   0.7531   0.7181
     87    0.3677    0.7117   0.8437   0.7943   0.7758   0.7849
     88    0.3816    0.7483   0.8009   0.7525   0.6893   0.7196
     89    0.3655    0.6913   0.8252   0.7676   0.7360   0.7515
     90    0.3888    0.7231   0.8082   0.6862   0.8340   0.7529
     91    0.3945    0.7404   0.7212   0.6642   0.6894   0.6766
     92    0.3762    0.6975   0.8446   0.7583   0.7742   0.7662
     93    0.3788    0.7108   0.8462   0.7152   0.8448   0.7746
     94    0.3619    0.6897   0.7613   0.7662   0.7111   0.7376
     95    0.3410    0.6716   0.7762   0.7273   0.7504   0.7387
     96    0.3792    0.6963   0.7542   0.6758   0.7463   0.7093
     97    0.3661    0.6532   0.7779   0.7048   0.7407   0.7223
     98    0.3582    0.6398   0.8044   0.8058   0.6975   0.7477
     99    0.3807    0.7099   0.8320   0.7854   0.7557   0.7703
    100    0.3726    0.6777   0.7665   0.8025   0.6752   0.7334
    101    0.3523    0.7036   0.8121   0.7491   0.7490   0.7491
    102    0.3523    0.6567   0.8388   0.7426   0.8323   0.7849
    103    0.3358    0.6450   0.8507   0.8012   0.7998   0.8005
    104    0.3541    0.6388   0.8489   0.8132   0.7411   0.7755
    105    0.3506    0.6236   0.8195   0.7959   0.7296   0.7613
    106    0.3667    0.6429   0.8719   0.8192   0.7603   0.7887
    107    0.3550    0.6632   0.8407   0.7413   0.7853   0.7627
    108    0.3366    0.6344   0.8213   0.7680   0.7512   0.7595
    109    0.3252    0.6607   0.8376   0.7532   0.7917   0.7720
    110    0.3625    0.6729   0.7459   0.7017   0.6828   0.6921
    111    0.3313    0.6219   0.8008   0.8419   0.6772   0.7506
    112    0.3361    0.6415   0.7907   0.9017   0.6396   0.7484
    113    0.3277    0.5884   0.8142   0.8126   0.6967   0.7502
    114    0.3517    0.6756   0.8283   0.7670   0.7801   0.7735
    115    0.3479    0.6048   0.8116   0.7551   0.7473   0.7512
    116    0.3357    0.5980   0.8223   0.7972   0.7526   0.7742
    117    0.3186    0.5767   0.8229   0.7359   0.7894   0.7617
    118    0.3404    0.5901   0.7848   0.7668   0.7636   0.7652
    119    0.3358    0.6057   0.8420   0.8416   0.7506   0.7935
    120    0.3017    0.5712   0.8203   0.7484   0.7500   0.7492
    121    0.3165    0.5964   0.7462   0.7865   0.6261   0.6972
    122    0.3062    0.6210   0.7902   0.7185   0.7300   0.7242
    123    0.3206    0.6061   0.8366   0.7250   0.8128   0.7664
    124    0.3372    0.5792   0.8407   0.7569   0.7998   0.7778
    125    0.3155    0.5511   0.8258   0.7987   0.7451   0.7709
    126    0.2980    0.5607   0.8273   0.6798   0.8033   0.7364
    127    0.3112    0.5714   0.8077   0.7852   0.7133   0.7475
    128    0.3181    0.6248   0.8232   0.8042   0.7770   0.7904
    129    0.3261    0.6051   0.8003   0.8250   0.7008   0.7579
    130    0.3170    0.6120   0.8105   0.7983   0.7424   0.7693
    131    0.3224    0.5634   0.8381   0.7398   0.8505   0.7913
    132    0.2920    0.5972   0.8502   0.8571   0.7380   0.7931
    133    0.3116    0.5612   0.7958   0.7150   0.7514   0.7328
    134    0.2894    0.5488   0.8053   0.6990   0.8071   0.7492
    135    0.3057    0.5946   0.7915   0.6967   0.7823   0.7370
    136    0.2920    0.5394   0.7615   0.6996   0.7625   0.7297
    137    0.3130    0.6085   0.7997   0.7569   0.7346   0.7456
    138    0.3102    0.5963   0.7980   0.7980   0.7617   0.7794
    139    0.3107    0.5660   0.8031   0.8343   0.7316   0.7796
    140    0.2874    0.5849   0.8221   0.7238   0.7790   0.7504
    141    0.2940    0.5737   0.7874   0.7659   0.6756   0.7179
    142    0.2960    0.5389   0.8548   0.7578   0.8294   0.7919
    143    0.2898    0.5281   0.8752   0.7576   0.8260   0.7903
    144    0.2955    0.5444   0.8257   0.7371   0.8182   0.7755
    145    0.2867    0.5271   0.7743   0.6820   0.7663   0.7217
    146    0.2768    0.5406   0.7896   0.8137   0.7343   0.7720
    147    0.2818    0.5343   0.8656   0.8656   0.7716   0.8159
    148    0.2787    0.4850   0.8580   0.7948   0.7522   0.7729
    149    0.2679    0.5492   0.8277   0.7235   0.7795   0.7505
    150    0.2732    0.4884   0.8101   0.7641   0.7879   0.7759
    151    0.2712    0.5596   0.7961   0.8519   0.7096   0.7743
    152    0.2629    0.5500   0.8421   0.8261   0.7727   0.7985
    153    0.2763    0.5547   0.8273   0.8105   0.7500   0.7791
    154    0.2579    0.5059   0.7576   0.7813   0.6820   0.7283
    155    0.2558    0.4835   0.7930   0.7802   0.7315   0.7551
    156    0.2600    0.4970   0.8445   0.8252   0.7469   0.7841
    157    0.2666    0.5149   0.8347   0.7990   0.7652   0.7817
    158    0.2524    0.4898   0.7818   0.7708   0.7430   0.7566
    159    0.2524    0.4938   0.8233   0.7959   0.7357   0.7646
    160    0.2690    0.5264   0.8298   0.7812   0.7921   0.7866
    161    0.2630    0.5314   0.8267   0.8304   0.7507   0.7885
    162    0.2685    0.5531   0.8155   0.8199   0.7550   0.7861
    163    0.2559    0.4905   0.7692   0.8062   0.6708   0.7323
    164    0.2461    0.4930   0.7823   0.7303   0.7439   0.7370
    165    0.2387    0.4901   0.7946   0.7939   0.7190   0.7546
    166    0.2314    0.4854   0.8258   0.8599   0.7402   0.7956
    167    0.2452    0.4980   0.8330   0.7596   0.7881   0.7736
    168    0.2312    0.4668   0.8302   0.7890   0.7705   0.7797
    169    0.2494    0.4967   0.8161   0.7698   0.8035   0.7863
    170    0.2533    0.4733   0.7914   0.8157   0.7470   0.7798
    171    0.2434    0.4484   0.8250   0.8182   0.7609   0.7885
    172    0.2379    0.4567   0.8277   0.7927   0.8093   0.8009
    173    0.2494    0.4979   0.8275   0.7860   0.8042   0.7950
    174    0.2419    0.4952   0.8328   0.7818   0.8260   0.8033
    175    0.2242    0.4993   0.8104   0.7993   0.7363   0.7665
    176    0.2172    0.4757   0.8517   0.9011   0.7608   0.8250
    177    0.2233    0.4643   0.8326   0.7975   0.8179   0.8076
    178    0.2377    0.4971   0.8423   0.8079   0.8130   0.8105
    179    0.2440    0.4650   0.8310   0.8544   0.7489   0.7982
    180    0.2345    0.4603   0.8327   0.8111   0.7432   0.7757
    181    0.2298    0.4840   0.8282   0.7941   0.7938   0.7939
    182    0.2205    0.4481   0.8690   0.9110   0.8052   0.8548
    183    0.2199    0.4569   0.8345   0.8127   0.7973   0.8049
    184    0.2218    0.4501   0.7924   0.8086   0.7405   0.7731
    185    0.2153    0.4190   0.8475   0.8034   0.8038   0.8036
    186    0.2222    0.4518   0.8392   0.7839   0.8188   0.8010
    187    0.2112    0.4198   0.8443   0.8113   0.7991   0.8052
    188    0.2099    0.4623   0.8432   0.8496   0.7272   0.7836
    189    0.2168    0.4470   0.8436   0.8760   0.7450   0.8052
    190    0.2153    0.4503   0.7967   0.7609   0.7692   0.7650
    191    0.1995    0.4431   0.8097   0.8765   0.7076   0.7830
    192    0.2090    0.4518   0.8497   0.8365   0.7861   0.8105
    193    0.2169    0.4429   0.7951   0.7830   0.7557   0.7691
    194    0.2023    0.4459   0.8552   0.7700   0.8315   0.7995
    195    0.2111    0.4328   0.8609   0.8197   0.8508   0.8350
    196    0.2095    0.4387   0.8644   0.8269   0.8393   0.8331
    197    0.2051    0.4194   0.8607   0.8609   0.8094   0.8343
    198    0.1946    0.4517   0.8485   0.8581   0.8071   0.8318
    199    0.2037    0.4315   0.8566   0.8268   0.8642   0.8451
    200    0.2018    0.4256   0.8377   0.8276   0.8138   0.8207
    201    0.1984    0.3958   0.8528   0.8711   0.8190   0.8442
    202    0.1961    0.4459   0.8629   0.8569   0.8264   0.8414
    203    0.1938    0.4235   0.8583   0.8900   0.7714   0.8264
    204    0.1926    0.4211   0.8780   0.8540   0.8455   0.8497
    205    0.1955    0.4449   0.8689   0.8272   0.8621   0.8443
    206    0.1984    0.4411   0.8636   0.8852   0.7842   0.8316
    207    0.1855    0.4187   0.8256   0.8005   0.8212   0.8107
    208    0.1800    0.4024   0.8589   0.8386   0.8519   0.8452
    209    0.1766    0.3970   0.8305   0.8111   0.7893   0.8000
    210    0.1772    0.3792   0.8659   0.8340   0.7774   0.8047
    211    0.1935    0.4332   0.8691   0.8765   0.8291   0.8521
    212    0.1739    0.4198   0.8737   0.8360   0.8419   0.8390
    213    0.1868    0.3927   0.8599   0.8567   0.8036   0.8293
    214    0.1837    0.3660   0.8620   0.7817   0.8376   0.8086
    215    0.1815    0.4150   0.8514   0.8196   0.8114   0.8155
    216    0.1780    0.3899   0.8521   0.8102   0.8316   0.8208
    217    0.1742    0.4104   0.8532   0.8194   0.8348   0.8270
    218    0.1768    0.4303   0.8617   0.8610   0.7938   0.8261
    219    0.1787    0.3997   0.8557   0.8450   0.7999   0.8218
    220    0.1754    0.4126   0.8474   0.8302   0.7798   0.8042
    221    0.1703    0.3885   0.8442   0.7787   0.8236   0.8005
    222    0.1705    0.3829   0.8405   0.8000   0.7852   0.7926
    223    0.1665    0.3942   0.8630   0.8931   0.7736   0.8291
    224    0.1669    0.4027   0.8710   0.8412   0.8264   0.8337
    225    0.1667    0.3888   0.8625   0.9025   0.7738   0.8332
    226    0.1635    0.3444   0.8701   0.8267   0.8601   0.8431
    227    0.1615    0.4018   0.8692   0.8815   0.7921   0.8344
    228    0.1684    0.3823   0.8606   0.8580   0.7854   0.8201
    229    0.1583    0.3817   0.8686   0.9160   0.7854   0.8457
    230    0.1657    0.4001   0.8719   0.8720   0.8358   0.8535
    231    0.1583    0.4033   0.8751   0.8575   0.8203   0.8385
    232    0.1589    0.4073   0.8669   0.8125   0.8431   0.8275
    233    0.1611    0.3925   0.8621   0.8551   0.8237   0.8391
    234    0.1580    0.3898   0.8538   0.8219   0.8449   0.8333
    235    0.1562    0.3896   0.8585   0.8431   0.8459   0.8445
    236    0.1473    0.3770   0.8730   0.8357   0.8641   0.8497
    237    0.1605    0.3664   0.8686   0.8371   0.8269   0.8320
    238    0.1472    0.3741   0.8617   0.8052   0.8518   0.8278
    239    0.1461    0.3476   0.8629   0.8092   0.8447   0.8265
    240    0.1589    0.3914   0.8629   0.8420   0.8285   0.8352
    241    0.0896    0.3502   0.8190   0.8388   0.7596   0.7972
    242    0.0833    0.1654   0.7960   0.8093   0.7350   0.7704
    243    0.0868    0.0918   0.7748   0.7854   0.6962   0.7381
    244    0.0751    0.0969   0.7644   0.7570   0.6969   0.7257
    245    0.0732    0.0795   0.7650   0.7902   0.7092   0.7475
    246    0.0643    0.0665   0.8011   0.8330   0.7172   0.7708
    247    0.0676    0.0741   0.8107   0.8234   0.7294   0.7736
    248    0.0658    0.0557   0.8151   0.8667   0.7092   0.7801
    249    0.0608    0.0586   0.8204   0.8319   0.7542   0.7911
    250    0.0648    0.0630   0.8057   0.7836   0.7636   0.7735
============================================================